86,43	3
5,36	1
16,58	1
66,47	3
20,37	1
89,27	2
56,68	4
21,42	1
96,22	2
72,80	3
99,10	2
20,74	4
59,19	2
70,23	2
81,86	3
53,14	2
72,60	3
2,80	4
10,77	4
81,76	3
44,86	4
3,58	1
7,32	1
89,6	2
61,50	3
31,74	4
96,47	3
100,60	3
96,66	3
0,82	4
17,1	1
2,43	1
8,80	4
15,62	1
81,28	2
45,78	4
48,42	1
61,82	4
24,33	1
23,39	1
37,20	1
99,54	3
5,76	1
45,74	4
87,75	3
61,36	2
46,94	4
58,74	4
73,93	4
37,53	1
41,25	1
88,98	3
79,43	3
19,44	1
60,68	4
93,46	3
76,94	4
20,47	1
17,70	1
55,22	2
12,43	1
100,87	3
5,42	1
54,67	4
13,93	4
61,37	2
99,52	3
6,18	1
23,15	1
93,47	3
70,12	2
49,40	1
42,82	4
85,74	3
93,3	2
2,44	1
39,29	1
29,60	1
13,68	1
62,69	4
37,17	1
83,33	2
7,86	4
80,99	4
7,83	4
74,35	2
75,7	2
41,57	1
20,97	4
57,93	4
23,95	4
57,74	4
37,78	4
55,98	4
34,30	1
23,38	1
38,31	1
43,54	1
39,54	1
6,73	1
